0.26250000000000007 0.26250000000000007 0.18750000000000003 0.15000000000000002 0.07500000000000001 0.0 0.0 0.0 0.0 0.0 0.0 0.0 0.0 0.0 0.0 0.0 0.0 0.0 0.0 0.0 0.0 0.0 0.0 0.0 0.0 0.0 0.0 0.0 0.0 0.0 0.0 0.0 0.0 0.0 0.0 0.0 0.0 0.0 0.0 0.0 0.0 0.0 0.0 0.0 -0.0068814276986115148 -0.01376285539722303 -0.01376285539722303 -0.017203569246528785 -0.020644283095834541 -0.01376285539722303 
0.26250000000000007 0.30000000000000004 0.22500000000000003 0.18750000000000003 0.11250000000000002 0.037500000000000006 0.0 0.0 0.0 0.0 0.0 0.0 0.0 0.0 0.0 0.0 0.0 0.0 0.0 0.0 0.0 0.0 0.0 0.0 0.0 0.0 0.0 0.0 0.0 0.0 0.0 0.0 0.0 0.0 0.0 0.0 0.0 0.0 0.0 0.0 0.0 0.0 0.0 0.0 -0.0068814276986115148 -0.01376285539722303 -0.017203569246528785 -0.020644283095834541 -0.024084996945140297 -0.017203569246528785 
0.17748049044510261 0.21498049044510262 0.21498049044510262 0.17748049044510261 0.1024804904451026 0.027480490445102597 -0.010019509554897409 0.0 0.0 0.0 0.0 0.0 0.012489695749932233 0.012489695749932233 0.012489695749932233 0.012489695749932233 0.012489695749932233 0.0 0.0 0.0 0.0 0.0 0.0065706976846841682 0.0065706976846841682 0.0065706976846841682 0.0065706976846841682 0.0065706976846841682 0.0 0.0 0.0 0.0 0.0 0.0 0.0 0.0 0.0 0.0 0.0 0.0 0.0 0.0 0.0 0.0 0.0 -0.0068814276986115148 -0.01376285539722303 -0.017203569246528785 -0.020644283095834541 -0.024084996945140297 -0.017203569246528785 
0.12996098089020519 0.1674609808902052 0.1674609808902052 0.17748049044510261 0.1024804904451026 0.027480490445102597 -0.010019509554897409 0.0 0.0 0.0 0.0 0.0 0.012489695749932233 0.018734543624898348 0.018734543624898348 0.018734543624898348 0.018734543624898348 0.0062448478749661165 0.0065706976846841682 0.0065706976846841682 0.0065706976846841682 0.0065706976846841682 0.013141395369368336 0.0065706976846841682 0.0065706976846841682 0.0065706976846841682 0.0065706976846841682 0.0 0.0 0.0 0.0 0.0 0.0 0.0 0.0 0.0 0.0 0.0 0.0 0.0 0.0 0.0 0.0 0.0 -0.0068814276986115148 -0.01376285539722303 -0.017203569246528785 -0.020644283095834541 -0.020644283095834541 -0.01376285539722303 
0.03492196178041037 0.072421961780410382 0.072421961780410382 0.082441471335307784 0.1024804904451026 0.027480490445102597 -0.010019509554897409 0.0 0.0 0.0 0.0 0.0 0.012489695749932233 0.018734543624898348 0.031224239374830584 0.031224239374830584 0.031224239374830584 0.018734543624898348 0.0190603934346164 0.019712093054052506 0.019712093054052506 0.019712093054052506 0.026282790738736673 0.019712093054052506 0.0065706976846841682 0.0065706976846841682 0.0065706976846841682 0.0 0.0 0.0 0.0 0.0 0.0 0.0 0.0 0.0 0.0 0.0 0.0 0.0 0.0 0.0 0.0 0.0 -0.0093617451669009318 -0.016243172865512447 -0.019683886714818202 -0.023124600564123958 -0.023124600564123958 -0.01376285539722303 
-0.060117057329384452 -0.022617057329384446 -0.022617057329384446 -0.012597547774487038 0.0074414713353077797 0.027480490445102597 -0.010019509554897409 0.0 0.0 0.0 0.0 0.0 0.012489695749932233 0.018734543624898348 0.031224239374830584 0.043713935124762821 0.043713935124762821 0.031224239374830584 0.031550089184548637 0.032201788803984735 0.03285348842342084 0.03285348842342084 0.039424186108105011 0.03285348842342084 0.019712093054052506 0.0065706976846841682 0.0065706976846841682 0.0 0.0 0.0 0.0 0.0 0.0 0.0 0.0 0.0 0.0 0.0 0.0 0.0 0.0 0.0 0.0 0.0 -0.0093617451669009318 -0.028085235500702795 -0.031525949350008554 -0.03496666319931431 -0.03496666319931431 -0.025604918032413375 
-0.060117057329384452 -0.070136566884281853 -0.070136566884281853 -0.060117057329384452 -0.040078038219589635 -0.020039019109794817 -0.010019509554897409 0.0 0.0 0.0 0.0 0.0 0.012489695749932233 0.018734543624898348 0.031224239374830584 0.043713935124762821 0.049958782999728939 0.037469087249796702 0.037794937059514755 0.038446636678950853 0.039098336298386958 0.039424186108105011 0.045994883792789182 0.039424186108105011 0.026282790738736673 0.013141395369368336 0.0065706976846841682 0.0 0.0 0.0 0.0 0.0 0.0 0.0 0.0 0.0 0.0 0.0 0.0 0.0 0.0 0.0 0.0 0.0 -0.0093617451669009318 -0.028085235500702795 -0.037446980667603727 -0.04088769451690949 -0.04088769451690949 -0.031525949350008547 
-0.050097547774487043 -0.060117057329384452 -0.060117057329384452 -0.050097547774487043 -0.030058528664692226 -0.010019509554897409 0.0 0.0 0.0 0.0 0.0 0.0 0.0 0.0062448478749661165 0.018734543624898348 0.031224239374830584 0.037469087249796702 0.037469087249796702 0.037794937059514755 0.038446636678950853 0.039098336298386958 0.039424186108105011 0.045994883792789182 0.039424186108105011 0.026282790738736673 0.013141395369368336 0.0065706976846841682 0.0 0.0 0.0 0.0 0.0 0.0 0.0 0.0 0.0 0.0 0.0 0.0 0.0 0.0 0.0 -0.0093617451669009318 -0.0093617451669009318 -0.018723490333801864 -0.037446980667603727 -0.046808725834504655 -0.046808725834504655 -0.046808725834504655 -0.037446980667603727 
-0.040078038219589635 -0.050097547774487043 -0.050097547774487043 -0.050097547774487043 -0.030058528664692226 -0.010019509554897409 0.0 0.0 0.0 0.0 0.0 0.0 0.0 0.0 0.012489695749932233 0.024979391499864466 0.031224239374830584 0.031224239374830584 0.031224239374830584 0.031875938994266682 0.032527638613702788 0.03285348842342084 0.039424186108105011 0.039424186108105011 0.026282790738736673 0.013141395369368336 0.0065706976846841682 0.0 0.0 0.0 0.0 0.0 0.0 0.0 0.0 0.0 0.0 0.0 0.0 0.0 0.0 0.0 -0.0093617451669009318 -0.018723490333801864 -0.028085235500702795 -0.046808725834504655 -0.056170471001405584 -0.056170471001405584 -0.046808725834504655 -0.037446980667603727 
-0.020039019109794817 -0.030058528664692226 -0.030058528664692226 -0.030058528664692226 -0.030058528664692226 -0.010019509554897409 0.0 0.0 0.0 0.0 0.0 0.0 0.0 0.0 0.0 0.012489695749932233 0.018734543624898348 0.018734543624898348 0.018734543624898348 0.018734543624898348 0.019386243244334453 0.019712093054052506 0.026282790738736673 0.026282790738736673 0.026282790738736673 0.013141395369368336 0.0065706976846841682 0.0 0.0 0.0 0.0 0.0 0.0 0.0 0.0060320381306876924 0.0060320381306876924 0.0060320381306876924 0.0060320381306876924 0.0060320381306876924 0.0 0.0 0.0 -0.0093617451669009318 -0.018723490333801864 -0.028085235500702795 -0.046808725834504655 -0.056170471001405584 -0.056170471001405584 -0.046808725834504655 -0.037446980667603727 
0.0 -0.010019509554897409 -0.010019509554897409 -0.010019509554897409 -0.010019509554897409 -0.010019509554897409 0.0 0.0 0.0 0.0 0.0 0.0 0.0 0.0 0.0 0.0 0.0062448478749661165 0.0062448478749661165 0.0062448478749661165 0.0062448478749661165 0.014606455924987639 0.014932305734705692 0.021503003419389859 0.021503003419389859 0.021503003419389859 0.013141395369368336 0.0065706976846841682 0.0 0.0 0.0 0.0 0.0 0.0 0.0 0.0060320381306876924 0.012064076261375385 0.012064076261375385 0.012064076261375385 0.012064076261375385 0.0060320381306876924 0.0 0.0 -0.0093617451669009318 -0.018723490333801864 -0.028085235500702795 -0.028085235500702795 -0.037446980667603727 -0.037446980667603727 -0.028085235500702795 -0.018723490333801864 
0.0 0.0 0.0 0.0 0.0 0.0 0.0 0.0 0.0 0.0 0.0 0.0 0.0 0.0 0.0 0.0 0.0083616080500215229 0.0083616080500215229 0.0083616080500215229 0.0083616080500215229 0.016723216100043046 0.0083616080500215229 0.014932305734705692 0.014932305734705692 0.014932305734705692 0.0065706976846841682 0.0065706976846841682 0.0 0.0 0.0 0.0 0.0 0.0 0.0 0.0060320381306876924 0.012064076261375385 0.015080095326719231 0.015080095326719231 0.015080095326719231 0.0090480571960315382 0.0030160190653438462 0.0 -0.0093617451669009318 -0.018723490333801864 -0.028085235500702795 -0.028085235500702795 -0.028085235500702795 -0.028085235500702795 -0.018723490333801864 -0.0093617451669009318 
0.0 0.0 0.0 0.0 0.0 0.0 0.0 0.0 0.0 0.0 0.0 0.0 0.0010504888645426504 0.0010504888645426504 0.0010504888645426504 0.0010504888645426504 0.0094120969145641727 0.025084824150064571 0.025084824150064571 0.025084824150064571 0.033446432200086092 0.025084824150064571 0.0083616080500215229 0.0083616080500215229 0.0083616080500215229 0.0 0.0 0.0 0.0 0.0 0.0 0.0 0.0 0.0 0.0060320381306876924 0.012064076261375385 0.015080095326719231 0.021112133457406923 0.021112133457406923 0.015080095326719231 0.0090480571960315382 0.0060320381306876924 0.0 -0.0093617451669009318 -0.018723490333801864 -0.018723490333801864 -0.018723490333801864 -0.018723490333801864 -0.0093617451669009318 0.0 
0.0 0.0 0.0 0.0 0.0 0.0 0.0 0.0 0.0 0.0 0.0 0.0 0.0010504888645426504 0.0021009777290853008 0.0021009777290853008 0.0021009777290853008 0.010462585779106824 0.026135313014607219 0.033446432200086092 0.033446432200086092 0.041808040250107613 0.033446432200086092 0.016723216100043046 0.0083616080500215229 0.0083616080500215229 0.0 0.0 0.0 0.0073296257429918245 0.0073296257429918245 0.0073296257429918245 0.0073296257429918245 0.0073296257429918245 0.0030160190653438462 0.0090480571960315382 0.015080095326719231 0.018096114392063076 0.02412815252275077 0.021112133457406923 0.015080095326719231 0.0090480571960315382 0.0060320381306876924 0.0 0.0 -0.0093617451669009318 -0.0093617451669009318 -0.0093617451669009318 -0.0093617451669009318 -0.0093617451669009318 0.0 
0.0 0.0 0.0 0.0 0.0 0.0 0.0 0.0 0.0 0.0 0.0 0.0 0.0010504888645426504 0.0021009777290853008 0.0042019554581706016 0.0042019554581706016 0.012563563508192124 0.028236290743692521 0.035547409929171388 0.050169648300129134 0.058531256350150655 0.050169648300129134 0.033446432200086092 0.025084824150064571 0.0083616080500215229 0.0 0.0 0.0 0.0073296257429918245 0.021988877228975474 0.021988877228975474 0.021988877228975474 0.021988877228975474 0.017675270551327494 0.0030160190653438462 0.0090480571960315382 0.012064076261375385 0.018096114392063076 0.015080095326719231 0.015080095326719231 0.0090480571960315382 0.0060320381306876924 0.0 0.0 0.0 0.0 0.0 0.0 0.0 0.0 
0.0 0.0 0.0 0.0 0.0 0.0 0.0 0.0 0.0 0.0 0.0 0.0 0.0010504888645426504 0.0021009777290853008 0.0042019554581706016 0.0063029331872559028 0.014664541237277427 0.030337268472777817 0.037648387658256691 0.05227062602921443 0.058531256350150655 0.050169648300129134 0.033446432200086092 0.025084824150064571 0.0083616080500215229 0.0 0.0 0.0 0.0073296257429918245 0.021988877228975474 0.036648128714959122 0.036648128714959122 0.036648128714959122 0.032334522037311145 0.017675270551327494 0.0030160190653438462 0.0060320381306876924 0.012064076261375385 0.0090480571960315382 0.0090480571960315382 0.0090480571960315382 0.0060320381306876924 0.0 0.0 0.0 0.0 0.0 0.0 0.0 0.0 
0.0 0.0 0.0 0.0 0.0 0.0 0.0 0.0 0.0 0.0 0.0 0.0010504888645426504 0.0021009777290853008 0.003151466593627951 0.0052524443227132522 0.0073534220517985534 0.0063029331872559028 0.021975660422756296 0.029286779608235169 0.043909017979192909 0.050169648300129134 0.050169648300129134 0.033446432200086092 0.025084824150064571 0.0083616080500215229 0.0 0.0 0.0 0.0073296257429918245 0.021988877228975474 0.036648128714959122 0.043977754457950949 0.043977754457950949 0.039664147780302972 0.025004896294319318 0.01034564480833567 0.0030160190653438462 0.0090480571960315382 0.0060320381306876924 0.0060320381306876924 0.0060320381306876924 0.0060320381306876924 0.0 0.0 0.0 0.0 0.0 0.0 0.0 0.0 
0.0 0.0 0.0 0.0 0.0 0.0 0.0 0.0 0.0 0.0 0.0 0.0010504888645426504 0.0021009777290853008 0.003151466593627951 0.0052524443227132522 0.0073534220517985534 0.0063029331872559028 0.0052524443227132522 0.012563563508192124 0.027185801879149867 0.033446432200086092 0.033446432200086092 0.033446432200086092 0.025084824150064571 0.0083616080500215229 0.0 0.0 0.014659251485983649 0.021988877228975474 0.036648128714959122 0.051307380200942776 0.058637005943934603 0.043977754457950949 0.039664147780302972 0.025004896294319318 0.01034564480833567 0.0030160190653438462 0.0030160190653438462 0.0 0.0 0.0 0.0 -0.0012135849146513189 -0.0012135849146513189 -0.0012135849146513189 -0.0012135849146513189 -0.0012135849146513189 0.0 0.0 0.0 
0.0 0.0 0.0 0.0 0.0 0.0 0.0 0.0 0.0 0.0 0.0 0.0010504888645426504 0.0021009777290853008 0.0021009777290853008 0.0042019554581706016 0.0063029331872559028 0.0052524443227132522 0.0042019554581706016 0.0042019554581706016 0.018824193829128345 0.025084824150064571 0.025084824150064571 0.025084824150064571 0.025084824150064571 0.0083616080500215229 0.0 0.0 0.014659251485983649 0.014659251485983649 0.029318502971967298 0.043977754457950949 0.051307380200942776 0.036648128714959122 0.036648128714959122 0.021988877228975474 0.0073296257429918245 0.0 0.0 -0.0040682695283981527 -0.0040682695283981527 -0.0040682695283981527 -0.0040682695283981527 -0.0052818544430494711 -0.0024271698293026377 -0.0024271698293026377 -0.0024271698293026377 -0.0024271698293026377 -0.0012135849146513189 0.0 0.0 
0.0 0.0 0.0 0.0 0.0 0.0 0.0 0.0 0.0 0.0 0.0 0.0010504888645426504 0.0021009777290853008 0.0021009777290853008 0.0021009777290853008 0.0042019554581706016 0.003151466593627951 0.0021009777290853008 0.0021009777290853008 0.0021009777290853008 0.0083616080500215229 0.0083616080500215229 0.0083616080500215229 0.0083616080500215229 0.0083616080500215229 0.0 0.0 0.014659251485983649 0.014659251485983649 0.014659251485983649 0.029318502971967298 0.036648128714959122 0.021988877228975474 0.021988877228975474 0.021988877228975474 0.0073296257429918245 0.0 0.0 -0.0040682695283981527 -0.012204808585194458 -0.012204808585194458 -0.012204808585194458 -0.013418393499845777 -0.010563708886098942 -0.0048543396586052754 -0.0048543396586052754 -0.0048543396586052754 -0.0036407547439539566 -0.0024271698293026377 0.0 
0.0 0.0 0.0 0.0 0.0 0.0 0.0 0.0 0.0 0.0 0.0 0.0010504888645426504 0.0021009777290853008 0.0021009777290853008 0.0021009777290853008 0.0021009777290853008 0.0010504888645426504 0.0 0.0 0.0 0.0 0.0 0.0 0.0 0.0 0.0 0.0 0.014659251485983649 0.014659251485983649 0.014659251485983649 0.014659251485983649 0.021988877228975474 0.0073296257429918245 0.0073296257429918245 0.0073296257429918245 -0.00080691331380448091 -0.0081365390567963054 -0.0081365390567963054 -0.012204808585194458 -0.020341347641990762 -0.012204808585194458 -0.012204808585194458 -0.013418393499845777 -0.010563708886098942 -0.0048543396586052754 -0.0072815094879079122 -0.0072815094879079122 -0.0060679245732565938 -0.0048543396586052754 -0.0024271698293026377 
0.0 0.0 0.0 0.0 0.0 0.0 0.0 0.0 0.0 0.0 0.0 0.0 0.0010504888645426504 0.0010504888645426504 0.0010504888645426504 0.0010504888645426504 0.0010504888645426504 0.0 0.0 0.0 0.0 0.0 0.0 0.0 0.0 0.0 0.0 0.014659251485983649 0.014659251485983649 0.014659251485983649 0.014659251485983649 0.014659251485983649 0.0 0.0 0.0 -0.0081365390567963054 -0.012204808585194458 -0.012204808585194458 -0.016273078113592611 -0.024409617170388913 -0.016273078113592611 -0.012204808585194458 -0.013418393499845777 -0.010563708886098942 -0.0048543396586052754 -0.0072815094879079122 -0.0084950944025592307 -0.0072815094879079122 -0.0060679245732565938 -0.0036407547439539566 
0.0 0.0 0.0 0.0 0.0 0.0 0.0 0.0 0.0 0.0 0.0 0.0 0.0 0.0 0.0 0.0 0.0 0.0 0.0 0.0 0.0 0.0 -0.0031019332047738288 -0.0031019332047738288 -0.0031019332047738288 -0.0031019332047738288 -0.0031019332047738288 0.0 0.0 0.0 0.0 0.0 0.0 0.0 0.0 -0.0081365390567963054 -0.012204808585194458 -0.020341347641990762 -0.024409617170388913 -0.032546156227185215 -0.024409617170388913 -0.020341347641990762 -0.012204808585194458 -0.0093501239714476238 -0.0036407547439539566 -0.0060679245732565938 -0.0072815094879079122 -0.0084950944025592307 -0.0072815094879079122 -0.0048543396586052754 
0.0 0.0 0.0 0.0 0.0 0.0 0.0 0.0 0.0 0.0 0.0 0.0 0.0 0.0 0.0 0.0 0.0 0.0 0.0 0.0 0.0 0.0 -0.0031019332047738288 -0.004652899807160743 -0.004652899807160743 -0.004652899807160743 -0.004652899807160743 -0.0015509666023869144 0.0 0.0 0.0 0.0 0.0 -0.0016592346154111664 -0.0016592346154111664 -0.0097957736722074709 -0.013864043200605624 -0.022000582257401931 -0.020341347641990762 -0.028477886698787064 -0.020341347641990762 -0.016273078113592611 -0.0081365390567963054 -0.0081365390567963054 -0.0024271698293026377 -0.0048543396586052754 -0.0060679245732565938 -0.0072815094879079122 -0.0072815094879079122 -0.0048543396586052754 
0.0 0.0 0.0 0.0 0.0 0.0 0.0 0.0 0.0 0.0 0.0 0.0 0.0 0.0 0.0 0.0 0.0 0.0 0.0 0.0 0.0 0.0 -0.0031019332047738288 -0.004652899807160743 -0.0077548330119345723 -0.0077548330119345723 -0.0077548330119345723 -0.004652899807160743 -0.0031019332047738288 0.0 0.0 0.0 0.0 -0.0016592346154111664 -0.0049777038462334991 -0.013114242903029802 -0.017182512431427953 -0.025319051488224255 -0.023659816872813093 -0.020341347641990762 -0.012204808585194458 -0.0081365390567963054 0.0 0.0 0.0 -0.0024271698293026377 -0.0036407547439539566 -0.0048543396586052754 -0.0048543396586052754 -0.0048543396586052754 
0.0 0.0 0.0 0.0 0.0 0.0 0.0 0.0 0.0 0.0 0.0 0.0 0.0 0.0 0.0 0.0 0.0 0.0 0.0 0.0 0.0 0.0 -0.0031019332047738288 -0.004652899807160743 -0.0077548330119345723 -0.0108567662167084 -0.0108567662167084 -0.0077548330119345723 -0.0062038664095476577 -0.0031019332047738288 0.0 0.0 0.0 -0.0016592346154111664 -0.0049777038462334991 -0.0082961730770558309 -0.012364442605453984 -0.020500981662250291 -0.018841747046839122 -0.015523277816016791 -0.012204808585194458 -0.0081365390567963054 0.0 0.0 0.0 0.0 -0.0012135849146513189 -0.0024271698293026377 -0.0024271698293026377 -0.0024271698293026377 
0.0 0.0 0.0 0.0 0.0 0.0 0.0 0.0 0.0 0.0 0.0 0.0 0.0 0.0 0.0 0.0 0.0 0.0 0.0 0.0 0.0 0.0 -0.0031019332047738288 -0.004652899807160743 -0.0077548330119345723 -0.0108567662167084 -0.012407732819095314 -0.0093057996143214861 -0.0077548330119345723 -0.004652899807160743 -0.0015509666023869144 0.0 0.0 -0.0016592346154111664 -0.0049777038462334991 -0.0082961730770558309 -0.0099554076924669964 -0.018091946749263302 -0.016432712133852136 -0.013114242903029805 -0.0097957736722074709 -0.0081365390567963054 0.0 0.0 0.0 0.0 0.0 -0.0012135849146513189 -0.0012135849146513189 -0.0012135849146513189 
0.0 0.0 0.0 0.0 0.0 0.0 0.0 0.0 0.0 0.0 0.0 0.0 0.0 0.0 0.0 0.0 0.0 0.0 0.0 0.0 0.0 0.0 0.0 -0.0015509666023869144 -0.004652899807160743 -0.0077548330119345723 -0.0093057996143214861 -0.0093057996143214861 -0.0077548330119345723 -0.004652899807160743 -0.0015509666023869144 0.0 0.0 -0.0016592346154111664 -0.0049777038462334991 -0.0082961730770558309 -0.0099554076924669964 -0.013273876923289327 -0.011614642307878162 -0.0082961730770558309 -0.0049777038462334991 -0.0033184692308223327 0.0 0.0 0.0 0.0 0.0 0.0 0.0 0.0 
0.0 0.0 0.0 0.0 0.0 0.0 0.0 0.0 0.0 0.0 0.0 0.0 0.0 0.0 0.0 0.0 0.0 0.0 0.0 0.0 0.0 0.0 0.0 0.0 -0.0031019332047738288 -0.0062038664095476577 -0.0077548330119345723 -0.0077548330119345723 -0.0077548330119345723 -0.004652899807160743 -0.0015509666023869144 0.0 0.0 0.0 -0.0033184692308223327 -0.0066369384616446654 -0.0082961730770558309 -0.011614642307878162 -0.011614642307878162 -0.0082961730770558309 -0.0049777038462334991 -0.0033184692308223327 0.0 0.0 0.0 0.0 0.0 0.0 0.0 0.0 
0.0 0.0 0.0 0.0 0.0 0.0 0.0 0.0 0.0 0.0 0.0 0.0 0.0 0.0 -0.0240625 -0.0240625 -0.0240625 -0.0240625 -0.0240625 0.0 0.0 0.0 0.0 0.0 0.0 -0.0031019332047738288 -0.004652899807160743 -0.004652899807160743 -0.004652899807160743 -0.004652899807160743 -0.0015509666023869144 0.0 0.0 0.0 0.0 -0.0033184692308223327 -0.0049777038462334991 -0.0082961730770558309 -0.0082961730770558309 -0.0082961730770558309 -0.0049777038462334991 -0.0033184692308223327 0.0 0.0 0.0 0.0 0.0 0.0 0.0 0.0 
0.0 0.0 0.0 0.0 0.0 0.0 0.0 0.0 0.0 0.0 0.0 0.0 0.0 0.0 -0.0240625 -0.0721875 -0.0721875 -0.0721875 -0.0721875 -0.048125 0.0 0.0 0.0 0.0 0.0 0.0 -0.0015509666023869144 -0.0015509666023869144 -0.0015509666023869144 -0.0015509666023869144 -0.0015509666023869144 0.0 0.0 0.0 0.0 0.0 -0.0016592346154111664 -0.0049777038462334991 -0.0049777038462334991 -0.0049777038462334991 -0.0049777038462334991 -0.0033184692308223327 0.0 0.0 0.0 0.014805082977504583 0.014805082977504583 0.014805082977504583 0.014805082977504583 0.014805082977504583 
0.0 0.0 0.0 0.0 0.0 0.0 0.0 0.0 0.0 0.0 0.0 0.0 0.0 0.0 -0.0240625 -0.0721875 -0.09625 -0.09625 -0.09625 -0.0721875 -0.0240625 0.0 0.0 0.0 0.0 0.0 0.0 0.0 0.0 0.0 0.0 0.0 0.0 0.0 0.0 0.0 0.0 -0.0033184692308223327 -0.0033184692308223327 -0.0033184692308223327 -0.0033184692308223327 0.0040840722579299589 0.0074025414887522916 0.0074025414887522916 0.0074025414887522916 0.022207624466256876 0.014805082977504583 0.014805082977504583 0.014805082977504583 0.014805082977504583 
0.0 0.0 0.0 0.0 0.0 0.0 0.0 0.0 0.0 0.0 0.0 0.0 -0.0125 -0.0125 -0.0365625 -0.0846875 -0.10875 -0.13187500000000002 -0.13187500000000002 -0.1078125 -0.059687500000000004 -0.035625000000000004 0.0 0.0 0.0 0.0 0.0 0.0 0.0 0.0 0.0 0.0 0.0 0.0 0.0 0.0 0.0 0.0 0.0 0.0 0.0 0.0074025414887522916 0.022207624466256876 0.022207624466256876 0.022207624466256876 0.037012707443761457 0.029610165955009166 0.014805082977504583 0.014805082977504583 0.014805082977504583 
0.0 0.0 0.0 0.0 0.0 0.0 0.0 0.0 0.0 0.0 0.0 0.0 -0.0125 -0.025 -0.049062499999999995 -0.0971875 -0.12125 -0.144375 -0.1434375 -0.11937500000000001 -0.07125000000000001 -0.04718750000000001 -0.011562500000000002 0.0 0.0 0.0 0.0 0.0 0.0 0.0 0.0 0.0 0.0 0.0 0.0 0.0 0.0 0.0 0.0 0.0 0.0 0.0074025414887522916 0.022207624466256876 0.029610165955009166 0.029610165955009166 0.044415248932513751 0.037012707443761457 0.022207624466256876 0.014805082977504583 0.014805082977504583 
0.0 0.0 0.0 0.0 0.0 0.0 0.0 0.0 0.0 0.0 0.0 0.0 -0.0125 -0.025 -0.054136429811809772 -0.10226142981180976 -0.12632392981180976 -0.14944892981180974 -0.14851142981180976 -0.11937500000000001 -0.07125000000000001 -0.04718750000000001 -0.011562500000000002 0.0 0.0 0.0 0.0 0.0 0.0 0.0 0.0 0.0 0.0 0.0 -0.0034762470861782976 -0.0034762470861782976 -0.0034762470861782976 -0.0034762470861782976 -0.0034762470861782976 0.0 0.0 0.0074025414887522916 0.022207624466256876 0.029610165955009166 0.044415248932513751 0.05922033191001834 0.051817790421266045 0.037012707443761457 0.029610165955009166 0.014805082977504583 
0.024643437034466337 0.024643437034466337 0.024643437034466337 0.024643437034466337 0.024643437034466337 0.0 0.0 0.0 0.0 0.0 0.0 0.0 -0.0125 -0.025 -0.054136429811809772 -0.059210359623619535 -0.083272859623619536 -0.10639785962361954 -0.10546035962361955 -0.076323929811809771 -0.094449215840418169 -0.070386715840418168 -0.034761715840418157 -0.023199215840418157 -0.023199215840418157 0.0 0.0 0.0 0.0 0.0 0.0 0.0 0.0 0.0 -0.0034762470861782976 -0.010428741258534893 -0.010428741258534893 -0.010428741258534893 -0.010428741258534893 -0.0069524941723565952 0.0 0.0074025414887522916 0.022207624466256876 0.029610165955009166 0.044415248932513751 0.044415248932513751 0.037012707443761457 0.022207624466256876 0.014805082977504583 0.0 
0.024643437034466337 0.036965155551699505 0.036965155551699505 0.036965155551699505 0.036965155551699505 0.012321718517233168 0.0 0.0 0.0 0.0 0.0 0.0 -0.0125 -0.025 -0.054136429811809772 -0.059210359623619535 -0.061747324529524417 -0.084872324529524423 -0.083934824529524429 -0.054798394717714652 -0.07292368074632305 -0.081986323760627242 -0.046361323760627238 -0.034798823760627234 -0.034798823760627234 -0.011599607920209079 0.0 0.0 0.0 0.0 0.0 0.0 0.0 0.0 -0.0034762470861782976 -0.010428741258534893 -0.01390498834471319 -0.01390498834471319 -0.01390498834471319 -0.010428741258534893 -0.0034762470861782976 0.0 0.014805082977504583 0.022207624466256876 0.037012707443761457 0.037012707443761457 0.037012707443761457 0.022207624466256876 0.014805082977504583 0.0 
0.036965155551699505 0.049286874068932673 0.049286874068932673 0.049286874068932673 0.049286874068932673 0.024643437034466337 0.012321718517233168 0.0050476209680232207 0.0050476209680232207 0.0050476209680232207 0.0050476209680232207 0.0050476209680232207 -0.0050739298118097692 -0.017573929811809771 -0.046710359623619538 -0.051784289435429301 -0.054321254341334183 -0.0608469324497335 -0.059909432449733506 -0.030773002637923732 -0.048898288666532119 -0.057960931680836318 -0.057960931680836318 -0.046398431680836315 -0.046398431680836315 -0.023199215840418157 -0.011599607920209079 0.0 0.0 0.0 0.0 0.0 0.0 0.0 -0.0034762470861782976 -0.010428741258534893 -0.01390498834471319 -0.020857482517069786 -0.020857482517069786 -0.017381235430891488 -0.010428741258534893 -0.0069524941723565952 0.0 0.0074025414887522916 0.022207624466256876 0.022207624466256876 0.022207624466256876 0.022207624466256876 0.014805082977504583 0.0 
0.049286874068932673 0.061608592586165842 0.061608592586165842 0.049286874068932673 0.049286874068932673 0.024643437034466337 0.012321718517233168 0.0050476209680232207 0.010095241936046441 0.010095241936046441 0.010095241936046441 0.010095241936046441 -2.6308843786548505e-05 -0.0076108947177146533 -0.036747324529524415 -0.041821254341334185 -0.044358219247239067 -0.050883897355638384 -0.059946540369942583 -0.030810110558132809 -0.048935396586741196 -0.057998039601045395 -0.057998039601045395 -0.046398431680836315 -0.046398431680836315 -0.023199215840418157 -0.011599607920209079 0.0 0.0 0.0 0.0 0.0 0.0 -0.0034762470861782976 -0.0069524941723565952 -0.01390498834471319 -0.017381235430891488 -0.024333729603248085 -0.020857482517069786 -0.017381235430891488 -0.010428741258534893 -0.0069524941723565952 0.0 0.0 0.014805082977504583 0.014805082977504583 0.014805082977504583 0.014805082977504583 0.014805082977504583 0.0 
0.07393031110339901 0.086252029620632178 0.086252029620632178 0.07393031110339901 0.049286874068932673 0.024643437034466337 0.012321718517233168 0.0050476209680232207 0.010095241936046441 0.020190483872092883 0.020190483872092883 0.020190483872092883 0.010068933092259893 0.0024843472183317867 -0.0076108947177146533 -0.012684824529524423 -0.015221789435429308 -0.021747467543828617 -0.030810110558132809 -0.054009326398550966 -0.07213461242715935 -0.081197255441463542 -0.081197255441463542 -0.069597647521254469 -0.046398431680836315 -0.023199215840418157 -0.011599607920209079 0.0 0.0 0.0 0.0 0.0 0.0 -0.0034762470861782976 -0.0069524941723565952 -0.01390498834471319 -0.017381235430891488 -0.024333729603248085 -0.020857482517069786 -0.017381235430891488 -0.010428741258534893 -0.0069524941723565952 0.0 0.0 0.0 0.0 0.0 0.0 0.0 0.0 
0.049286874068932673 0.061608592586165842 0.061608592586165842 0.049286874068932673 0.024643437034466337 0.034738678970512776 0.022416960453279608 0.015142862904069663 0.020190483872092883 0.030285725808139322 0.020190483872092883 0.020190483872092883 0.010068933092259893 0.0024843472183317867 -0.0076108947177146533 -0.0076108947177146533 -0.010147859623619538 -0.016673537732018847 -0.025736180746323042 -0.048935396586741196 -0.048935396586741196 -0.057998039601045395 -0.057998039601045395 -0.046398431680836315 -0.023199215840418157 -0.023199215840418157 -0.011599607920209079 0.0 0.0 0.0 0.0 0.0 0.0 -0.0034762470861782976 -0.0069524941723565952 -0.0069524941723565952 -0.010428741258534893 -0.017381235430891488 -0.01390498834471319 -0.010428741258534893 -0.010428741258534893 -0.0069524941723565952 0.0 0.0 0.0 0.0 0.0 0.0 0.0 0.0 
0.049286874068932673 0.049286874068932673 0.049286874068932673 0.036965155551699505 0.012321718517233168 0.022416960453279608 0.027464581421302828 0.020190483872092883 0.025238104840116102 0.035333346776162546 0.025238104840116102 0.020190483872092883 0.010068933092259893 0.0024843472183317867 -0.0076108947177146533 -0.0076108947177146533 -0.0076108947177146533 -0.014136572826113964 -0.023199215840418157 -0.046398431680836315 -0.046398431680836315 -0.046398431680836315 -0.046398431680836315 -0.034798823760627234 -0.011599607920209079 -0.011599607920209079 -0.011599607920209079 0.0 0.0 0.0 0.0 0.0 0.0 -0.0034762470861782976 -0.0069524941723565952 -0.0069524941723565952 -0.0069524941723565952 -0.01390498834471319 -0.010428741258534893 -0.0069524941723565952 -0.0069524941723565952 -0.0069524941723565952 0.0 0.0 0.0 0.0 0.0 0.0 0.0 0.0 
0.036965155551699505 0.036965155551699505 0.036965155551699505 0.024643437034466337 0.0 0.010095241936046441 0.015142862904069663 0.020190483872092883 0.025238104840116102 0.035333346776162546 0.025238104840116102 0.020190483872092883 0.015142862904069663 0.0075582770301415563 -0.0025369649059048846 -0.0025369649059048846 -0.0025369649059048846 -0.0025369649059048846 -0.011599607920209079 -0.034798823760627234 -0.034798823760627234 -0.034798823760627234 -0.034798823760627234 -0.023199215840418157 0.0 0.0 0.0 0.0 0.0 0.0 0.0 0.0 0.0 -0.0034762470861782976 -0.0069524941723565952 -0.0069524941723565952 -0.0069524941723565952 -0.0069524941723565952 -0.0034762470861782976 0.0 0.0 0.0 0.0 0.0 0.0 0.0 0.0 0.0 0.0 0.0 
0.024643437034466337 0.024643437034466337 0.024643437034466337 0.024643437034466337 0.0 0.010095241936046441 0.015142862904069663 0.020190483872092883 0.020190483872092883 0.030285725808139322 0.020190483872092883 0.015142862904069663 0.010095241936046441 0.010095241936046441 0.0 0.0 0.0 0.0 0.0 -0.023199215840418157 -0.023199215840418157 -0.023199215840418157 -0.023199215840418157 -0.023199215840418157 0.0 0.0 0.0 0.0 0.0 0.0 0.0 0.0 0.0 0.0 -0.0034762470861782976 -0.0034762470861782976 -0.0034762470861782976 -0.0034762470861782976 -0.0034762470861782976 0.0 0.0 0.0 0.0 0.0 0.0 0.0 0.0 0.0 0.0 0.0 
0.0 0.0 0.0 0.0 0.0 0.010095241936046441 0.015142862904069663 0.020190483872092883 0.020190483872092883 0.020190483872092883 0.010095241936046441 0.0050476209680232207 0.0 0.0 0.0 0.0 0.0 0.0 0.0 0.0 0.0 0.0 0.0 0.0 0.0 0.0 0.0 0.0 0.0 0.0 0.0 0.0 0.0 0.0 0.0 0.0 0.0 0.0 0.0 0.0017878919504209258 0.0017878919504209258 0.0017878919504209258 0.0017878919504209258 0.0017878919504209258 0.0 0.0 0.0 0.0 0.0 0.0 
0.0 0.0 0.0 0.0 0.0 0.0 0.0050476209680232207 0.010095241936046441 0.010095241936046441 0.010095241936046441 0.010095241936046441 0.0050476209680232207 0.0 0.0 0.0 0.0 0.0 0.0 0.0 0.0 0.0 0.0 0.0 0.0 0.0 0.0 0.0 0.0 0.0 0.0 0.0 0.0 0.0 0.0 0.0 0.0 0.0 0.0 0.0 0.0017878919504209258 0.0035757839008418515 0.0035757839008418515 0.0035757839008418515 0.0035757839008418515 0.0017878919504209258 0.025 0.025 0.025 0.025 0.025 
0.0 0.0 0.0 0.0 0.0 0.0 0.0 0.0050476209680232207 0.0050476209680232207 0.0050476209680232207 0.0050476209680232207 0.0050476209680232207 0.0 0.0 0.0 0.0 0.0 0.0 0.0 0.0 0.0 0.0 0.0 0.0 0.0 0.0 0.0 0.0 0.0 0.0 0.0 0.0 0.0 0.0 0.0 0.0 0.0 0.0 0.0 0.0017878919504209258 0.0035757839008418515 0.0044697298760523144 0.0044697298760523144 0.0044697298760523144 0.0026818379256313887 0.025893945975210463 0.05 0.05 0.05 0.05 
0.0 0.0 0.0 0.0 0.0 0.0 0.0 0.0 0.0 0.0 0.0 0.0 0.0 0.0 0.0 0.0 0.0 0.0 0.0 0.0 0.0 0.0 0.0 0.0 0.0 0.0 0.0 0.0 0.0 0.0 0.0 0.0 0.0 0.0 0.0 0.0 0.0 0.0017878919504209258 0.0017878919504209258 0.0035757839008418515 0.0053636758512627773 0.0062576218264732402 0.0044697298760523144 0.0044697298760523144 0.0026818379256313887 0.025893945975210463 0.05 0.1 0.1 0.1 
0.0 0.0 0.0 0.0 0.0 0.0 0.0 0.0 0.0 0.0 0.0 0.0 0.0 0.0 0.0 0.0 0.0 0.0 0.0 0.0 0.0 0.0 0.0 0.0 0.0 0.0 0.0 0.0 0.0 0.0 0.0 0.0 0.0 0.0 0.0 0.0 0.0 0.0017878919504209258 0.0026818379256313887 0.0044697298760523144 0.0062576218264732402 0.0071515678016837031 0.0053636758512627773 0.0044697298760523144 0.0026818379256313887 0.025893945975210463 0.05 0.1 0.125 0.125 
0.0 0.0 0.0 0.0 0.0 0.0 0.0 0.0 0.0 0.0 0.0 0.0 0.0 0.0 0.0 0.0 0.0 0.0 0.0 0.0 0.0 0.0 0.0 0.0 0.0 0.0 0.0 0.0 0.0 0.0 0.0 0.0 0.0 0.0 0.0 0.0 0.0 0.0017878919504209258 0.0026818379256313887 0.0026818379256313887 0.0044697298760523144 0.0053636758512627773 0.0035757839008418515 0.0026818379256313887 0.0026818379256313887 0.025893945975210463 0.05 0.1 0.125 0.175 
